1.976549
3.710217
1.524288
4.045226
0.8710215
4.413735
-0.1172529
4.631491
-1.541039
4.447236
-2.529313
3.978224
-3.283082
3.559464
-3.165829
3.659966
-3.433836
4.095478
-3.869346
3.592965
-2.39531
2.939699
-2.127303
3.140703
-2.177555
3.257957
-2.227806
3.40871
-2.026801
3.676717
-1.725293
4.011725
-1.474037
4.21273
-0.8375207
4.329983
-0.6197653
4.463987
-0.2512562
4.346734
0.6532661
4.447236
0.8710215
4.396985
1.005025
4.095478
1.021775
4.078727
1.122278
3.894472
1.323283
3.509213
1.407035
3.40871
1.474036
2.906198
1.524288
2.805695
1.139028
3.0067
0.9882745
3.40871
0.2680066
4.162479
0.2177554
4.279732
-0.2512562
4.229481
-0.6532661
4.396985
-1.021775
4.19598
-1.239531
3.944724
-1.457287
3.760469
-1.524288
3.458961
-1.57454
3.157454
-1.641541
2.671692
-1.842546
1.917923
-1.926298
1.666667
-1.909548
1.432161
-1.691792
1.566164
-1.323283
1.934673
-1.055276
3.056951
-0.8710215
3.626466
-0.7202678
3.961474
-0.5025124
4.329983
0.6700166
3.592965
0.6532661
3.458961
0.7370182
3.157454
0.9212728
2.520938
0.8375207
2.303183
1.005025
1.984925
1.038526
1.934673
1.105527
1.599665
1.088777
1.566164
1.172529
1.197655
1.005025
1.063651
0.6365157
0.8123952
-0.201005
0.7788944
-0.7202678
1.130653
-0.4020099
1.633166
0.4690116
3.040201
0.2177554
3.241206
0.1842546
3.174204
-0.6030149
2.772194
-0.6197653
2.319933
-0.7537686
2.051926
-0.770519
1.532663
-1.105527
1.030151
-1.340033
0.6616414
-1.658292
0.4941374
-1.892797
0.4271358
-1.959799
0.2428812
-1.725293
-0.09212732
-0.2680066
-0.1423785
0.2512562
-0.3098828
1.457286
0.04187584
2.261306
0.6951421
2.512562
1.499162
2.646565
2.286432
2.077051
2.956449
