1.926298
3.77722
-1.440536
3.79397
-2.211055
3.073702
-2.39531
2.236181
-2.244556
0.9798998
-1.708543
0.1423788
-0.7537686
-0.6616417
0.3852595
-0.8291456
1.524288
0.2261305
2.077051
1.180905
2.41206
2.470687
1.775544
3.39196
0.5862645
3.324958
-0.284757
3.107203
-1.005025
2.805695
-1.490788
1.917923
-1.323283
0.7621443
-0.6030149
0.3601342
0.05025124
0.2093804
0.5862645
0.3601342
0.9882745
1.013401
1.423785
2.20268
1.072026
2.855947
0.3015074
2.98995
-0.6197653
2.554439
-1.088777
1.700168
-0.686767
1.113903
-0.4690116
0.9128976
0.1005025
1.214405
0.5025124
1.867672
0.5695141
2.554439
-0.2345058
2.420435
-0.5527636
2.085427
-0.770519
1.499162
-0.4522612
1.298158
-0.1842546
1.515913
-0.05025124
1.884422
-0.1172529
2.20268
-0.284757
2.001675
-0.3852595
1.80067
-0.3015074
1.716918
-0.3182579
1.767169
-0.2177554
1.817421
-0.2177554
1.733668
-0.3685091
1.616415
-0.5527636
1.515913
-0.5695141
1.582915
-0.5360132
1.951424
-0.3182579
2.303183
-0.2345058
2.319933
-0.1005025
2.319933
0.01675041
2.319933
0.06700166
2.236181
0.1340033
1.917923
0.06700166
1.582915
-0.1340033
1.314908
-0.4522612
1.013401
-0.6030149
1.113903
-0.686767
1.314908
-0.7370182
1.39866
-0.7872695
1.482412
-0.9380232
1.901172
-0.7035174
2.353434
-0.6700166
2.353434
-0.5862645
2.403685
-0.5527636
2.420435
-0.284757
2.520938
0.03350083
2.671692
0.2345058
2.755444
0.7370182
2.772194
1.122278
2.688442
0.8542711
2.20268
0.5025124
1.700168
0.284757
1.247906
0.2680066
1.197655
0.03350083
0.8793968
-0.3517587
0.5443889
-0.4020099
0.5276382
-0.5862645
0.6448913
-1.088777
1.063651
-1.373534
1.331658
-1.356784
1.582915
-1.239531
2.21943
-0.5862645
2.973199
-0.5360132
2.98995
-0.1507537
3.02345
0.3852595
3.073702
0.770519
3.090453
1.072026
3.107203
1.658291
2.788945
1.859296
0.9128976
0.9380232
0.2596313
0.5862645
-0.1256281
-0.6030149
-0.6281406
-0.6365157
-0.3098828
-1.306532
0.1423788
-1.959799
1.214405
-2.110553
2.169179
-2.026801
3.056951
-1.792295
3.341709
-1.273031
3.40871
-0.7035174
3.40871
-0.2512562
3.42546
0.1675041
3.475712
0.5695141
3.525963
0.9380232
3.542714
1.22278
3.559464
1.507537
3.592965
