1.62479
4.011725
0.5527636
4.162479
-0.5695141
4.329983
-1.825796
3.978224
-2.881072
3.542714
-3.584589
2.872697
-3.366834
2.822446
-2.311558
2.98995
-1.189279
3.224456
0.01675041
3.559464
0.7202678
3.77722
1.373534
3.592965
1.825795
3.341709
1.876046
3.073702
1.541038
2.973199
0.3015074
2.788945
-0.9212728
2.705193
-1.892797
2.705193
-3.316583
2.504188
-4.00335
2.118928
-4.170854
1.666667
-3.065326
1.934673
-1.892797
2.20268
-0.5695141
2.303183
0.5695141
2.62144
1.072026
2.705193
1.60804
2.62144
1.959798
2.403685
1.842546
2.252932
1.507537
2.018425
0.8207703
1.984925
0.03350083
2.152429
-1.072026
2.118928
-2.37856
1.884422
-3.19933
1.649916
-4.187604
0.8793968
-4.204355
0.4103851
-2.696817
0.2261305
-1.373534
0.3768843
-0.3517587
0.6281406
0.5862645
0.8291459
1.876046
1.180905
1.591289
1.448911
0.6197653
1.415411
-0.8375207
0.8961475
-1.842546
0.7788944
-2.495812
0.845896
-3.098827
0.7118928
-3.249581
1.147404
-2.311558
1.566164
-1.189279
1.465662
0
1.716918
0.8040199
1.884422
1.507537
1.901172
1.792294
1.951424
2.42881
1.917923
2.747068
1.39866
2.361808
0.9631491
1.658291
0.3098828
0.9212728
-0.02512574
0.2345058
0.02512574
-1.072026
0.008375049
-2.127303
-0.1926297
-2.763819
-0.2596316
-3.651591
-1.0134
-3.366834
-1.448911
-2.546064
-1.465662
-1.340033
-1.566164
0.3517587
-1.39866
1.892797
-1.247906
3.718593
2.118928
3.56784
2.973199
3.417086
3.291457
2.596314
3.659966
1.507537
4.329983
