0.4355108
3.827471
-0.4690116
3.877722
-1.172529
3.42546
-1.60804
3.358459
-2.093802
2.721943
-2.110553
2.035176
-1.959799
1.532663
-1.172529
0.7453936
-0.4020099
0.7956451
0.3517587
0.9128976
0.887772
1.314908
1.038526
1.834171
0.5527636
1.917923
-0.4690116
1.683417
-1.323283
2.169179
-1.457287
2.420435
-1.105527
2.805695
0.08375207
3.190955
0.8375207
3.174204
1.172529
3.123953
1.524288
2.638191
1.993299
2.018425
1.859296
1.465662
1.725293
1.030151
1.574539
0.7118928
1.20603
0.5778897
0.6365157
0.1423788
-0.1507537
0.04187584
-0.7370182
0.2931321
-1.892797
0.09212732
-2.696817
-0.477387
-2.881072
-0.8291456
-2.81407
-1.0134
-1.876047
-1.532663
-0.8542711
-2.001675
0.7202678
-2.085427
1.122278
-1.80067
1.390284
-1.331658
1.273031
-0.9631491
0.8207703
-0.9296483
0.2512562
-1.331658
-0.3852595
-1.264657
-1.038526
-1.231156
-1.60804
-1.130653
-1.876047
-0.6783921
-1.239531
-0.7118928
0
-0.5108878
0.6365157
-0.3936347
0.9380232
-0.2596316
1.474036
-0.3266332
2.0268
-0.3266332
2.361808
-0.4606366
2.462311
-1.080402
1.976549
-2.336683
1.507537
-2.520938
0.686767
-2.688442
-0.284757
-2.638191
-1.440536
-2.286432
-2.529313
-2.319933
-3.098827
-2.772194
-2.361809
-3.123953
-1.423785
-3.123953
-0.7537686
-3.107203
1.122278
-3.40871
1.407035
-3.542714
2.512562
-3.257957
3.350084
-2.571189
3.668342
-1.549414
3.768845
-0.1591289
3.333334
1.365159
3.015076
2.520938
2.81407
3.324958
1.943048
4.045226
0.9045224
4.011725
