-1.444805
-2.272727
-0.4058441
-0.3409091
0.6493506
-2.159091
S
S
-7.018113
-8.013493
-4.802657
-5.689888
-4.238056
-8.687989
S
S
2.900651
-8.17922
3.614936
-4.857792
5.114935
-7.893505
S
S
7.278564
-10.53766
7.479865
-8.444154
9.492851
-9.692205
S
S
0.07276312
-12.85428
1.060141
-10.57311
1.840422
-12.68717
S
S
-15.83636
-6.791561
-13.73051
-11.13766
-12.20714
-12.92987
-10.28052
-14.81169
-8.129869
-16.33506
-4.366234
-18.4409
0.831167
-20.54675
7.10389
-23.14545
10.46428
-24.26558
-14.67142
-23.41428
O
O
12.28766
-31.67467
13.4526
-27.73181
15.2448
-31.85389
S
S
10.8539
-34.85583
1.041566
-37.85778
7.538315
-37.72337
O
O
16.26059
-35.1412
23.63049
-38.64884
16.58171
-37.34243
O
O
